628 3.4716981132075473
629 3.2933333333333334
630 3.3333333333333335
631 3.5855855855855854
632 3.9444444444444446
633 4.0625
634 3.6666666666666665
635 2.772727272727273
636 3.247191011235955
637 3.0
638 3.7435897435897436
639 3.6944444444444446
640 3.112676056338028
641 4.21875
642 3.488095238095238
643 2.6666666666666665
644 3.6774193548387095
645 3.7916666666666665
646 3.914285714285714
647 4.126984126984127
648 4.067796610169491
649 3.4
650 3.5217391304347827
651 4.077419354838709
652 3.8588235294117648
653 3.933333333333333
654 4.154411764705882
655 3.8679245283018866
656 4.0476190476190474
657 4.237288135593221
658 3.5
659 4.04
660 3.7739726027397262
661 4.1375
662 3.4473684210526314
663 3.908256880733945
664 3.511111111111111
665 2.8297872340425534
666 2.25
667 2.1666666666666665
668 2.1666666666666665
669 1.6153846153846154
670 3.0
671 3.6222222222222222
672 2.716666666666667
673 3.525
674 2.891304347826087
675 3.5686274509803924
676 3.246376811594203
677 3.0
678 2.8
679 3.066666666666667
680 2.6206896551724137
681 2.272727272727273
682 3.1153846153846154
683 2.441860465116279
684 3.7777777777777777
685 3.2916666666666665
686 3.723404255319149
687 2.142857142857143
688 1.6944444444444444
689 3.0694444444444446
690 3.4603174603174605
691 3.5714285714285716
692 3.598684210526316
693 3.63953488372093
694 4.023809523809524
695 2.75
696 3.2142857142857144
697 3.3947368421052633
698 2.888888888888889
699 3.6382978723404253
700 2.6
701 4.0
702 3.019230769230769
703 3.5789473684210527
704 3.0434782608695654
705 4.0078125
706 2.6666666666666665
707 3.870967741935484
708 3.4782608695652173
709 4.010416666666667
710 3.5675675675675675
711 4.0
712 3.08
713 3.6363636363636362
714 3.1818181818181817
715 3.2790697674418605
716 3.183673469387755
717 2.727272727272727
718 3.7142857142857144
719 2.4285714285714284
720 3.051282051282051
721 3.519230769230769
722 2.909090909090909
723 3.1470588235294117
724 3.5
725 2.6666666666666665
726 2.4615384615384617
727 3.3392857142857144
728 3.048780487804878
729 3.475
730 3.5217391304347827
731 3.135135135135135
732 3.653179190751445
733 3.2857142857142856
734 2.5
735 3.86046511627907
736 3.9014084507042255
737 3.0
738 2.9
739 3.3161290322580643
740 3.4915254237288136
741 3.38
742 3.6206896551724137
743 2.0
744 3.4047619047619047
745 3.875
746 3.6576576576576576
747 3.4583333333333335
748 3.143410852713178
749 3.2093023255813953
750 3.94
751 3.4473684210526314
752 3.2
753 3.727272727272727
754 3.409090909090909
755 3.3260869565217392
756 2.8461538461538463
757 2.75
758 1.736842105263158
759 2.2
760 2.4871794871794872
761 2.975609756097561
762 3.4107142857142856
763 3.3484848484848486
764 2.7142857142857144
765 2.774193548387097
766 3.0
767 2.1818181818181817
768 3.0408163265306123
769 2.4358974358974357
770 3.4150943396226414
771 2.65
772 3.0833333333333335
773 3.0625
774 2.9375
775 2.869565217391304
776 3.2222222222222223
777 1.25
778 3.5428571428571427
779 2.6206896551724137
780 3.1333333333333333
781 3.269230769230769
782 2.6
783 2.7941176470588234
784 1.0
785 3.111111111111111
786 2.6153846153846154
787 3.0833333333333335
788 1.0
789 3.590909090909091
790 2.864406779661017
791 2.3333333333333335
792 3.7051282051282053
793 3.5555555555555554
794 3.6744186046511627
795 2.45
796 3.0588235294117645
797 3.0416666666666665
798 2.2222222222222223
799 3.2
800 2.8846153846153846
801 2.8125
802 2.717948717948718
803 2.5555555555555554
804 2.875
805 3.6296296296296298
806 3.4693877551020407
807 2.7777777777777777
808 2.838709677419355
809 2.880952380952381
810 2.8536585365853657
811 3.9375
812 3.0
813 3.9019607843137254
814 5.0
815 3.267326732673267
816 2.3333333333333335
817 2.6666666666666665
818 2.6363636363636362
819 2.6486486486486487
820 2.7674418604651163
821 3.0454545454545454
822 3.0
823 2.8133333333333335
824 2.7551020408163267
825 3.026315789473684
826 2.6153846153846154
827 2.7450980392156863
828 2.5
829 2.6363636363636362
830 1.0
831 2.4878048780487805
832 2.5238095238095237
833 3.119047619047619
834 2.1739130434782608
835 3.8666666666666667
836 3.7916666666666665
837 3.92
838 3.0
839 3.0
840 2.63265306122449
841 2.731707317073171
842 3.08
843 3.0
844 3.35
845 3.484472049689441
846 3.0714285714285716
847 3.6666666666666665
848 3.4285714285714284
849 2.72
850 4.0
851 3.75
852 1.0
853 3.769230769230769
854 3.2142857142857144
855 3.721311475409836
856 3.857142857142857
857 3.0
858 1.0
859 2.6666666666666665
860 2.142857142857143
861 2.3333333333333335
862 2.176470588235294
863 3.909090909090909
864 3.135135135135135
865 3.5
866 3.3055555555555554
867 3.8
868 3.75
869 3.0
870 2.875
871 2.357142857142857
872 2.9375
873 2.9838709677419355
874 3.1818181818181817
875 2.7954545454545454
876 2.675675675675676
877 2.4680851063829787
878 2.2857142857142856
879 3.3008849557522124
880 3.061224489795918
881 2.810810810810811
882 3.3076923076923075
883 3.25
884 3.2857142857142856
885 2.25
886 3.1
887 3.6153846153846154
888 3.4285714285714284
889 3.5
890 1.8611111111111112
891 2.0
892 2.744186046511628
893 2.4545454545454546
894 2.0625
895 3.2386363636363638
896 3.769230769230769
897 1.5
898 3.0869565217391304
899 3.0
900 3.7419354838709675
901 1.7777777777777777
902 3.8285714285714287
903 3.125
904 3.5789473684210527
905 3.25
906 3.2777777777777777
907 2.0
908 1.9230769230769231
909 3.6363636363636362
910 2.3333333333333335
911 2.5
912 3.0
913 2.5
914 2.888888888888889
915 3.923076923076923
916 3.176470588235294
917 3.4285714285714284
918 3.142857142857143
919 3.8
920 2.2
921 3.9285714285714284
922 3.823529411764706
923 4.1
924 3.4078947368421053
925 3.310344827586207
926 2.681318681318681
927 3.5
928 3.136842105263158
929 2.6842105263157894
930 2.675675675675676
931 2.1818181818181817
932 2.8333333333333335
933 2.4444444444444446
934 2.9344262295081966
935 3.0
936 3.903225806451613
937 3.25
938 2.9583333333333335
939 3.5892857142857144
940 2.3
941 3.066666666666667
942 3.4523809523809526
943 3.473684210526316
944 3.05
945 3.8947368421052633
946 3.1166666666666667
947 3.3125
948 2.075
949 3.3484848484848486
950 2.892857142857143
951 2.8157894736842106
952 3.1
953 3.380952380952381
954 3.5454545454545454
955 3.369565217391304
956 3.5952380952380953
957 2.0
958 3.7857142857142856
959 3.4603174603174605
960 3.227272727272727
961 3.59375
962 3.2
963 4.384615384615385
964 3.3333333333333335
965 3.65
966 4.125
967 3.090909090909091
968 3.7222222222222223
969 3.742857142857143
970 3.142857142857143
971 3.6875
972 3.1785714285714284
973 3.5
974 3.1
975 3.075
976 1.8333333333333333
977 2.697674418604651
978 2.5185185185185186
979 3.21875
980 3.142857142857143
981 1.75
982 2.7777777777777777
983 2.4
984 2.789473684210526
985 2.85
986 2.5
987 2.5
988 2.380281690140845
989 2.8214285714285716
990 2.84
991 2.090909090909091
992 3.0
993 3.5
994 1.8
995 3.2413793103448274
996 2.4615384615384617
997 2.125
998 2.5625
999 2.888888888888889
1000 3.0
1001 2.0
1002 1.7142857142857142
1003 2.25
1004 3.111111111111111
1005 3.736842105263158
1006 2.857142857142857
1007 4.090909090909091
1008 3.28125
1009 3.309090909090909
1010 3.2142857142857144
1011 3.207317073170732
1012 3.5652173913043477
1013 2.3142857142857145
1014 3.120879120879121
1015 2.875
1016 3.430894308943089
1017 3.2
1018 3.225806451612903
1019 3.9310344827586206
1020 3.90625
1021 3.7837837837837838
1022 3.423076923076923
1023 2.5357142857142856
1024 3.4166666666666665
1025 2.9411764705882355
1026 1.6666666666666667
1027 2.6666666666666665
1028 3.075187969924812
1029 2.0
1030 2.111111111111111
1031 2.2857142857142856
1032 2.933333333333333
1033 2.7
1034 2.5384615384615383
1035 3.142857142857143
1036 2.75
1037 1.8695652173913044
1038 2.8666666666666667
1039 4.023529411764706
1040 2.625
1041 3.206896551724138
1042 3.142857142857143
1043 3.0
1044 3.210526315789474
1045 3.260869565217391
1046 3.159090909090909
1047 2.83739837398374
1048 3.0
1049 2.52
1050 3.6
1051 3.189189189189189
1052 2.28
1053 3.4583333333333335
1054 2.272727272727273
1055 3.2
1056 3.2
1057 2.2777777777777777
1058 3.2666666666666666
1059 2.7096774193548385
1060 3.0833333333333335
1061 2.9310344827586206
1062 3.4444444444444446
1063 3.658536585365854
1064 4.25
1065 3.4285714285714284
1066 3.0
1067 3.4523809523809526
1068 3.1666666666666665
1069 3.0588235294117645
1070 3.8076923076923075
1071 2.9285714285714284
1072 2.5
1073 3.8253968253968256
1074 2.96
1075 3.4285714285714284
1076 2.25
1077 3.125
1078 2.8095238095238093
1079 2.238095238095238
1080 4.0
1081 2.75
1082 2.6666666666666665
1083 2.5
1084 3.85
1085 2.9
1086 3.3
1087 1.4444444444444444
1088 2.3333333333333335
1089 1.967741935483871
1090 2.4054054054054053
1091 2.7142857142857144
1092 2.5
1093 3.0869565217391304
1094 2.1818181818181817
1095 2.5
1096 2.6666666666666665
1097 3.411764705882353
1098 3.6923076923076925
1099 3.4615384615384617
1100 2.7142857142857144
1101 3.742857142857143
1102 2.4285714285714284
1103 3.8823529411764706
1104 3.0
1105 2.857142857142857
1106 3.0
1107 3.0625
1108 2.0
1109 3.4444444444444446
1110 2.825
1111 3.3333333333333335
1112 2.8
1113 3.263157894736842
1114 3.3
1115 3.4
1116 3.6666666666666665
1117 3.125
1118 3.25
1119 3.6363636363636362
1120 3.0
1121 3.85
1122 5.0
1123 3.6666666666666665
1124 3.8181818181818183
1125 4.25
1126 3.357142857142857
1127 2.888888888888889
1128 2.5833333333333335
1129 3.6666666666666665
1130 4.0
1131 4.0
1132 2.6
1133 2.9285714285714284
1134 3.2941176470588234
1135 2.977272727272727
1136 3.4814814814814814
1137 3.962962962962963
1138 3.4
1139 2.5161290322580645
1140 2.375
1141 3.3333333333333335
1142 4.0256410256410255
1143 3.9285714285714284
1144 3.6666666666666665
1145 2.6666666666666665
1146 2.0
1147 3.611111111111111
1148 3.375
1149 3.84
1150 3.0
1151 2.142857142857143
1152 3.48
1153 3.4444444444444446
1154 3.6
1155 3.3333333333333335
1156 3.0
1157 2.88
1158 4.0
1159 3.5454545454545454
1160 3.608695652173913
1161 2.923076923076923
1162 1.25
1163 2.68
1164 2.1666666666666665
1165 1.8333333333333333
1166 3.1666666666666665
1167 3.5454545454545454
1168 3.3333333333333335
1169 4.111111111111111
1170 3.076923076923077
1171 3.1538461538461537
1172 3.7142857142857144
1173 2.6666666666666665
1174 3.25
1175 3.0
1176 3.5294117647058822
1177 2.0
1178 2.473684210526316
1179 2.111111111111111
1180 2.4444444444444446
1181 2.6666666666666665
1182 2.3076923076923075
1183 2.1666666666666665
1184 2.4444444444444446
1185 2.2777777777777777
1186 3.3333333333333335
1187 3.3636363636363638
1188 2.7209302325581395
1189 5.0
1190 3.3636363636363638
1191 3.0
1192 3.3846153846153846
1193 3.8
1194 4.038461538461538
1195 3.272727272727273
1196 3.5
1197 3.511627906976744
1198 3.142857142857143
1199 2.857142857142857
1200 3.2857142857142856
1201 5.0
1202 3.5
1203 3.9444444444444446
1204 3.611111111111111
1205 3.0
1206 2.588235294117647
1207 2.2666666666666666
1208 2.9473684210526314
1209 2.642857142857143
1210 2.7142857142857144
1211 3.4166666666666665
1212 2.8333333333333335
1213 2.1666666666666665
1214 2.0
1215 1.8214285714285714
1216 3.0
1217 2.8684210526315788
1218 3.5238095238095237
1219 2.888888888888889
1220 3.3333333333333335
1221 3.4871794871794872
1222 2.7142857142857144
1223 3.5
1224 2.727272727272727
1225 2.6153846153846154
1226 3.3548387096774195
1227 2.375
1228 2.425531914893617
1229 1.8
1230 1.8823529411764706
1231 2.5238095238095237
1232 2.4375
1233 3.2
1234 2.0
1235 4.0
1237 3.6
1238 3.0
1239 2.411764705882353
1240 3.608695652173913
1241 3.0
1242 2.6
1243 3.5
1244 2.914285714285714
1245 3.3333333333333335
1246 1.5714285714285714
1247 1.8333333333333333
1248 3.0
1249 2.909090909090909
1250 1.2
1251 4.125
1252 2.875
1253 2.4285714285714284
1254 1.7777777777777777
1255 2.25
1256 2.0
1257 1.75
1258 2.4545454545454546
1259 2.3333333333333335
1260 2.75
1261 3.25
1262 4.0
1263 2.933333333333333
1264 3.2857142857142856
1265 2.875
1266 3.0
1267 3.03125
1268 3.25
1269 4.0
1270 2.3333333333333335
1271 2.7142857142857144
1272 1.8
1273 2.7333333333333334
1274 1.7272727272727273
1275 2.5
1276 2.5
1277 3.5
1278 3.8
1279 2.888888888888889
1280 2.7142857142857144
1281 3.090909090909091
1282 3.2222222222222223
1283 2.7058823529411766
1284 2.8461538461538463
1285 3.0714285714285716
1286 3.7333333333333334
1287 1.3333333333333333
1288 3.3333333333333335
1289 2.142857142857143
1290 1.5
1291 2.142857142857143
1292 1.6666666666666667
1293 5.0
1294 3.0
1295 2.5714285714285716
1296 3.066666666666667
1297 2.8333333333333335
1298 3.7142857142857144
1299 3.0
1300 2.3333333333333335
1301 3.8
1302 3.0
1303 2.3529411764705883
1304 2.5
1305 2.5
1306 3.0
1307 1.5
1308 1.0
1310 3.0
1311 2.5
1312 3.1666666666666665
1313 3.25
1314 2.3333333333333335
1315 3.0588235294117645
1316 2.2
1317 2.0
1318 1.0
1319 1.75
1320 1.0
1321 2.5
1322 2.3333333333333335
1323 2.6666666666666665
1324 2.4
1325 1.0
1326 3.3333333333333335
1327 2.3333333333333335
1328 3.0
1329 1.0
1330 2.5
1331 3.0
1332 2.0
1333 2.8
1334 1.0
1335 2.5
1336 1.8
1337 2.25
1338 2.25
1339 1.0
1340 1.0
1341 1.0
1342 1.0
1343 1.0
1344 3.0
1345 1.0
1346 2.4
1347 2.0
1348 1.0
1349 1.0
1350 1.0
1351 2.0
1352 1.0
1353 2.6
1354 1.0
1355 1.75
1356 2.6666666666666665
1357 2.6666666666666665
1358 3.0
1359 1.0
1360 1.5
1361 2.6666666666666665
1362 2.0
1363 1.0
1364 1.0
1365 1.5
1366 1.0
1367 4.2
1368 3.6666666666666665
1369 2.75
1370 2.6666666666666665
1371 1.5
1372 3.0
1373 1.0
1374 1.0
1375 3.375
1376 2.142857142857143
1377 3.25
1378 2.2
1379 2.857142857142857
1380 2.4
1381 3.0
1382 1.6666666666666667
1383 2.0
1384 1.6666666666666667
1385 2.8
1386 3.0
1387 2.0
1388 3.3333333333333335
1389 3.0
1390 1.0
1391 2.0
1392 1.6666666666666667
1393 2.111111111111111
1394 1.6
1395 2.0
1396 4.0
1397 3.0
1398 4.5
1399 2.2
1400 3.1
1401 3.235294117647059
1402 2.75
1403 2.75
1404 3.230769230769231
1405 3.4
1406 3.25
1407 2.1666666666666665
1408 1.0
1409 2.857142857142857
1410 2.75
1411 2.44
1412 1.6666666666666667
1413 2.75
1414 2.0
1415 2.25
1416 2.4
1417 2.5
1418 3.6666666666666665
1419 2.125
1420 1.3333333333333333
1421 3.1818181818181817
1422 2.0
1423 2.25
1424 2.3333333333333335
1425 2.6
1426 3.2857142857142856
1427 2.8
1428 3.727272727272727
1429 2.75
1430 3.0
1431 3.0
1432 1.0
1433 2.0
1434 2.5
1435 2.5714285714285716
1436 2.0
1437 2.0
1438 2.4
1439 3.0
1440 3.0
1441 2.5714285714285716
1442 2.4
1443 3.75
1444 2.6875
1445 2.75
1446 3.1333333333333333
1447 3.0
1448 3.6666666666666665
1449 4.625
1450 4.0
1451 3.8666666666666667
1452 4.0
1453 2.0
1454 3.0
1455 2.5
1456 3.7142857142857144
1457 3.0
1458 4.0
1459 3.5714285714285716
1460 3.0
1461 2.0
1462 3.5
1463 3.3333333333333335
1464 2.3333333333333335
1465 2.3333333333333335
1466 4.25
1467 5.0
1468 3.3333333333333335
1469 3.1666666666666665
1470 2.6
1471 2.4444444444444446
1472 3.5
1473 3.5555555555555554
1474 2.6
1475 2.875
1476 2.0
1477 2.5
1478 2.7058823529411766
1479 2.75
1480 2.272727272727273
1481 3.0
1482 4.0
1483 3.272727272727273
1484 2.6666666666666665
1485 3.5
1486 1.0
1487 2.0
1488 3.0
1489 2.2
1490 3.0
1491 3.0
1492 4.0
1493 1.0
1494 1.0
1495 3.6
1496 2.8
1497 3.0
1498 4.0
1499 3.25
1500 5.0
1501 3.0
1502 1.5
1503 3.3333333333333335
1504 3.6666666666666665
1505 4.0
1506 3.6666666666666665
1507 3.0
1508 2.3333333333333335
1509 1.6
1510 3.0
1511 3.2
1512 4.0
1513 2.0
1514 3.142857142857143
1515 4.0
1516 4.0
1517 2.8
1518 3.0
1519 3.0
1520 3.0
1521 3.0
1522 2.5
1523 3.0
1524 4.25
1525 4.0
1526 4.0
1527 2.6666666666666665
1528 2.3333333333333335
1529 2.8
1530 2.0
1531 3.3333333333333335
1532 2.0
1534 2.0
1535 3.0
1536 5.0
1537 4.0
1538 3.0
1539 1.75
1540 2.5555555555555554
1541 3.5
1542 3.0
1544 2.6666666666666665
1545 2.5
1546 1.0
1547 3.0
1548 1.0
1549 1.5
1550 3.0
1551 2.0
1552 2.0
1553 2.75
1554 3.0
1555 2.6
1556 2.0
1557 1.0
1558 3.3333333333333335
1559 1.0
1560 2.3333333333333335
1561 1.0
1562 1.0
1563 1.0
1564 1.0
1565 1.0
1566 1.0
1567 1.0
1568 1.0
1569 1.0
1570 1.0
1571 1.0
1572 1.0
1573 2.5
1574 1.0
1575 1.0
1576 1.0
1577 1.0
1578 2.0
1579 1.0
1580 1.0
1581 1.0
1582 1.0
1583 1.0
1584 1.0
1585 2.5
1586 1.0
1587 1.0
1588 2.0
1589 2.3333333333333335
1590 2.0
1591 2.8
1592 3.6
1593 4.0
1594 4.5
1595 2.0
1596 2.0
1597 3.0
1598 2.75
1599 5.0
1600 3.75
1601 1.0
1602 3.0
1603 3.0
1604 4.0
1605 3.0
1606 2.0
1607 4.0
1608 2.5
1609 1.6666666666666667
1610 1.5
1611 3.0
1612 3.75
1613 4.0
1614 3.0
1615 3.0
1616 4.0
1617 5.0
1618 1.0
1619 3.0
1620 3.0
1621 1.0
1622 2.3333333333333335
1623 4.0
1625 4.0
1626 1.0
1627 3.0
1628 3.75
1629 4.0
1630 3.0
1631 3.5
1632 3.0
1633 3.0
1634 2.0
1635 3.0
1636 4.0
1637 3.0
1638 3.0
1639 4.333333333333333
1640 3.0
1641 3.0
1642 4.5
1643 3.75
1644 1.5
1645 4.0
1646 3.5
1647 3.0
1648 2.0
1649 3.0
1650 4.0
1651 4.0
1652 1.0
1653 5.0
1655 2.0
1656 3.5
1657 3.0
1658 3.5
1659 1.0
1660 2.0
1662 2.5
1663 2.0
1664 3.25
1665 2.0
1666 2.0
1667 3.0
1668 3.0
1669 2.0
1670 3.0
1671 1.0
1672 2.0
1673 3.0
1674 4.0
1675 3.0
1676 2.0
1677 3.0
1678 1.0
1679 3.0
1680 2.0
1681 3.0
1682 3.0
