1 3.8740740740740742
2 3.216
3 3.0246913580246915
4 3.545918367346939
5 3.292682926829268
6 3.5714285714285716
7 3.7964601769911503
8 3.9754901960784315
9 3.900763358778626
10 3.792207792207792
11 3.892018779342723
12 4.3875
13 3.386904761904762
14 3.9363057324840764
15 3.7670682730923697
16 3.2051282051282053
17 3.176470588235294
18 2.8
19 3.9166666666666665
20 3.4242424242424243
21 2.736111111111111
22 4.152985074626866
23 4.109826589595376
24 3.4522292993630574
25 3.3947368421052633
26 3.449275362318841
27 3.0727272727272728
28 3.929411764705882
29 2.669642857142857
30 3.903225806451613
31 3.619718309859155
32 3.7777777777777777
33 3.4505494505494507
34 2.3333333333333335
35 2.1818181818181817
36 2.090909090909091
37 2.142857142857143
38 3.046728971962617
39 3.268292682926829
40 2.875
41 3.088235294117647
42 3.8
43 3.0277777777777777
44 3.32
45 4.041095890410959
46 3.5384615384615383
47 3.6
48 4.0594059405940595
49 3.3636363636363638
50 4.35515873015873
51 3.5324675324675323
52 3.7790697674418605
53 2.9572649572649574
54 3.260869565217391
55 3.6857142857142855
56 4.092178770949721
57 3.9743589743589745
58 3.6341463414634148
59 4.026666666666666
60 4.0
61 3.912280701754386
62 3.1475409836065573
63 3.128205128205128
64 4.426356589147287
65 3.5636363636363635
66 3.542483660130719
67 3.0202020202020203
68 3.4140625
69 3.880952380952381
70 3.646551724137931
71 3.815
72 3.180327868852459
73 3.456140350877193
74 3.0
75 3.0
76 3.3846153846153846
77 3.237410071942446
78 2.40625
79 4.045016077170418
80 2.772727272727273
81 3.5576923076923075
82 3.7246963562753037
83 4.037267080745342
84 2.9411764705882355
85 2.980392156862745
86 3.8970588235294117
87 3.9160305343511452
88 3.5445544554455446
89 4.144578313253012
90 3.088888888888889
91 3.601503759398496
92 3.6082474226804124
93 3.722772277227723
94 3.0977443609022557
95 3.8221153846153846
96 3.9927536231884058
97 3.782978723404255
98 4.295774647887324
99 3.723926380368098
100 4.135011441647597
101 3.342857142857143
102 3.0980392156862746
103 1.9285714285714286
104 1.4
105 2.5652173913043477
106 2.8955223880597014
107 3.475
108 2.9827586206896552
109 3.4956521739130433
110 2.4482758620689653
111 3.4813278008298756
112 2.4210526315789473
113 4.0
114 4.435483870967742
115 3.769230769230769
116 3.824074074074074
117 3.7
118 3.2015209125475286
119 4.5
120 2.2131147540983607
121 3.404199475065617
122 2.389473684210526
123 3.2115384615384617
124 4.0773809523809526
125 3.55
126 3.8372093023255816
127 4.302949061662199
128 3.532258064516129
129 3.8290598290598292
130 2.3181818181818183
131 3.7045454545454546
132 4.07563025210084
133 3.8343949044585988
134 4.284916201117318
135 3.9718875502008033
136 4.128712871287129
137 3.925675675675676
138 2.611111111111111
139 2.7916666666666665
140 3.169491525423729
141 3.5211267605633805
142 3.0545454545454547
143 3.769230769230769
144 3.8355555555555556
145 2.4285714285714284
146 2.3333333333333335
147 3.4647058823529413
148 3.1981981981981984
149 2.9473684210526314
150 3.8656716417910446
151 3.6258503401360542
152 3.688311688311688
153 3.828193832599119
154 3.7857142857142856
155 3.096774193548387
156 3.971014492753623
157 3.6779661016949152
158 2.6271186440677967
159 3.221052631578947
160 3.46875
161 3.4928909952606637
162 3.57
163 3.5568181818181817
164 3.597122302158273
165 4.051724137931035
166 4.142857142857143
167 2.9384615384615387
168 4.072847682119205
169 4.513761467889908
170 4.15929203539823
171 3.8852459016393444
172 4.2073170731707314
173 4.1806020066889635
174 4.255208333333333
175 3.81151832460733
176 3.9269230769230767
177 3.859375
178 4.3418803418803416
179 3.9261083743842367
180 4.043478260869565
181 3.9911894273127753
182 3.9611650485436893
183 4.023076923076923
184 3.4056603773584904
185 4.084444444444444
186 3.8553191489361702
187 4.145945945945946
188 3.6855345911949686
189 4.079365079365079
190 4.155172413793103
191 4.158102766798419
192 4.125
193 3.9133333333333336
194 4.053333333333334
195 3.9430604982206408
196 3.902222222222222
197 4.091324200913242
198 3.983050847457627
199 4.184210526315789
200 3.7958115183246073
201 3.5301204819277108
202 3.7624521072796937
203 3.872093023255814
204 3.8260869565217392
205 4.015748031496063
206 3.4130434782608696
207 3.7288135593220337
208 3.9523809523809526
209 3.911111111111111
210 3.903654485049834
211 3.9166666666666665
212 3.4523809523809526
213 4.0
214 3.349514563106796
215 3.6923076923076925
216 3.8917910447761193
217 3.1517857142857144
218 3.4936708860759493
219 3.1619047619047618
220 3.283333333333333
221 3.707692307692308
222 3.6529968454258674
223 4.196850393700787
224 3.8
225 2.9047619047619047
226 3.3503184713375798
227 3.2432432432432434
228 3.8054298642533935
229 3.10625
230 3.403225806451613
231 2.707692307692308
232 3.1808510638297873
233 3.3
234 3.7713178294573644
235 2.849740932642487
236 3.6097560975609757
237 3.691616766467066
238 3.899159663865546
239 3.54014598540146
240 2.793103448275862
241 3.5798319327731094
242 3.956989247311828
243 2.4
244 3.1136363636363638
245 3.0802139037433154
246 4.027777777777778
247 1.8
248 3.682758620689655
249 3.2241379310344827
250 3.4411764705882355
251 4.219512195121951
252 2.9555555555555557
253 3.4285714285714284
254 2.491228070175439
255 3.420689655172414
256 3.5714285714285716
257 3.7535714285714286
258 3.8337408312958434
259 2.674074074074074
260 2.467289719626168
261 2.4285714285714284
262 3.76271186440678
263 2.0
264 2.755813953488372
265 3.865
266 2.6451612903225805
267 3.4444444444444446
268 3.8110599078341014
269 3.9475806451612905
270 3.586206896551724
271 3.216374269005848
272 4.25
273 3.599009900990099
274 3.514450867052023
275 3.968609865470852
276 3.6968503937007875
277 3.4833333333333334
278 3.232142857142857
279 3.260869565217391
280 3.168831168831169
281 3.13768115942029
282 3.6923076923076925
283 3.6772151898734178
284 3.15
285 4.226277372262774
286 3.607329842931937
287 3.535211267605634
288 3.4120734908136483
289 2.985
290 3.0869565217391304
291 3.4070796460176993
292 3.6373626373626373
293 3.8244274809160306
294 3.1641791044776117
295 3.411764705882353
296 3.2
297 3.9148936170212765
298 3.764705882352941
299 2.8688524590163933
300 3.591304347826087
301 3.2944444444444443
302 4.16017316017316
303 3.720720720720721
304 3.5371900826446283
305 3.6666666666666665
306 3.9012345679012346
307 3.470967741935484
308 2.9565217391304346
309 2.68
310 3.566371681415929
311 3.6379310344827585
312 3.171875
313 4.309859154929577
314 1.0
315 4.125984251968504
316 4.173469387755102
317 3.9361702127659575
318 4.48314606741573
319 3.283582089552239
320 4.0
321 3.106382978723404
322 3.0786516853932584
323 2.9658536585365853
324 3.156862745098039
325 2.532710280373832
326 3.34
327 3.373134328358209
328 3.4074074074074074
329 3.358974358974359
330 3.0
331 3.4831460674157304
332 3.5043478260869567
333 3.6108374384236455
334 3.2962962962962963
335 2.764705882352941
336 2.6315789473684212
337 3.0714285714285716
338 2.657142857142857
339 3.261904761904762
340 3.576687116564417
341 3.111111111111111
342 2.8333333333333335
343 3.13
344 3.6739130434782608
345 3.381818181818182
346 3.717171717171717
347 3.532710280373832
348 3.263157894736842
349 2.888888888888889
350 3.057142857142857
351 2.611111111111111
352 2.1153846153846154
353 2.5384615384615383
354 3.515625
355 2.9411764705882355
356 3.381443298969072
357 4.292887029288703
358 2.663793103448276
359 3.076923076923077
360 3.2
361 3.3333333333333335
362 2.7916666666666665
363 2.6666666666666665
364 2.7058823529411766
365 3.217391304347826
366 3.347826086956522
367 3.4634146341463414
368 1.8888888888888888
369 2.5961538461538463
370 2.810810810810811
371 3.171875
372 3.4516129032258065
373 2.8974358974358974
374 2.272727272727273
375 1.9523809523809523
376 2.909090909090909
377 2.25
378 3.717171717171717
379 3.0833333333333335
380 3.3392857142857144
381 3.536842105263158
382 3.5238095238095237
383 2.033333333333333
384 2.769230769230769
385 3.56
386 2.7976190476190474
387 3.310344827586207
388 2.392857142857143
389 3.4444444444444446
390 3.2
391 2.732142857142857
392 3.5522388059701493
393 3.403225806451613
394 3.3333333333333335
395 2.5849056603773586
396 2.849056603773585
397 2.727272727272727
398 2.076923076923077
399 3.2804878048780486
400 2.7222222222222223
401 2.77027027027027
402 3.435064935064935
403 3.4554973821989527
404 3.69
405 3.2961783439490446
406 2.395348837209302
407 2.4473684210526314
408 4.48
409 3.109375
410 3.1310344827586207
411 2.945945945945946
412 2.4545454545454546
413 2.6153846153846154
414 3.5
415 2.84
416 3.459016393442623
417 3.073529411764706
418 3.6
419 3.710843373493976
420 3.6582278481012658
421 3.55
422 2.739130434782609
423 3.8339350180505414
424 1.3157894736842106
425 3.7195121951219514
426 2.838709677419355
427 4.284974093264249
428 3.7964601769911503
429 3.9204545454545454
430 4.022471910112359
431 3.528169014084507
432 3.774390243902439
433 3.73125
434 3.8333333333333335
435 3.9353233830845773
436 3.532608695652174
437 1.0
438 1.1666666666666667
439 1.0
440 1.6428571428571428
441 2.63265306122449
442 1.25
443 3.835526315789474
444 2.688888888888889
445 3.45
446 2.4444444444444446
447 3.4956521739130433
448 3.358974358974359
449 3.036036036036036
450 2.290909090909091
451 3.329192546583851
452 2.634920634920635
453 1.9375
454 2.7857142857142856
455 3.214814814814815
456 2.2142857142857144
457 1.619047619047619
458 3.189873417721519
459 3.6818181818181817
460 3.0
461 3.585714285714286
462 3.7925925925925927
463 3.8125
464 3.5925925925925926
465 3.576923076923077
466 3.5434782608695654
467 3.7916666666666665
468 3.278688524590164
469 3.7333333333333334
470 3.6538461538461537
471 3.595744680851064
472 3.0340136054421767
473 3.111111111111111
474 4.22093023255814
475 3.8778280542986425
476 3.0
477 3.180722891566265
478 4.118279569892473
479 4.247058823529412
480 4.283018867924528
481 3.9473684210526314
482 3.9836065573770494
483 4.472477064220183
484 4.2
485 3.8034188034188032
486 3.8135593220338984
487 4.17741935483871
488 4.220338983050848
489 4.1521739130434785
490 4.020408163265306
491 3.8548387096774195
492 3.8363636363636364
493 4.140350877192983
494 4.018518518518518
495 3.6481481481481484
496 4.134883720930232
497 3.8253968253968256
498 4.192857142857143
499 3.9491525423728815
500 3.9655172413793105
501 3.504424778761062
502 3.769230769230769
503 3.6666666666666665
504 3.8434782608695652
505 3.9846153846153847
506 3.8255813953488373
507 3.7865168539325844
508 3.60989010989011
509 3.9035087719298245
510 3.93859649122807
511 4.2064516129032254
512 4.0
513 4.3076923076923075
514 3.893081761006289
515 4.207865168539326
516 3.963636363636364
517 3.8536585365853657
518 3.710843373493976
519 4.078947368421052
520 4.111111111111111
521 3.790909090909091
522 3.875
523 3.9865771812080535
524 4.097560975609756
525 4.059701492537314
526 3.807017543859649
527 4.022988505747127
528 4.135135135135135
529 3.9655172413793105
530 3.972972972972973
531 3.8813559322033897
532 3.3684210526315788
533 3.6666666666666665
534 3.25
535 3.1176470588235294
536 3.3
537 3.6206896551724137
538 3.4615384615384617
539 2.4324324324324325
540 2.55
541 2.877551020408163
542 2.4468085106382977
543 3.6315789473684212
544 3.081967213114754
545 1.8333333333333333
546 3.0256410256410255
547 3.2432432432432434
548 2.1666666666666665
549 3.602272727272727
550 3.2551724137931033
551 2.4545454545454546
552 2.883720930232558
553 3.280701754385965
554 2.8260869565217392
555 2.0
556 2.5
557 3.1176470588235294
558 3.6307692307692307
559 3.193798449612403
560 2.6842105263157894
561 3.0555555555555554
562 3.2083333333333335
563 2.3846153846153846
564 2.0
565 2.761904761904762
566 3.5798816568047336
567 2.8
568 3.646511627906977
569 2.6557377049180326
570 3.152173913043478
571 2.5
572 2.740740740740741
573 2.870967741935484
574 2.0714285714285716
575 2.5
576 3.0232558139534884
577 2.230769230769231
578 3.1379310344827585
579 2.6315789473684212
580 3.4827586206896552
581 3.1666666666666665
582 3.6305732484076434
583 2.914285714285714
584 3.507042253521127
585 2.5277777777777777
586 2.65625
587 3.5714285714285716
588 3.798941798941799
589 4.0
590 2.125
591 3.5987654320987654
592 3.3333333333333335
593 3.1666666666666665
594 2.4
595 3.109090909090909
596 3.415929203539823
597 3.159340659340659
598 2.25
599 1.0
600 3.0
601 3.9444444444444446
602 3.6458333333333335
603 4.396907216494846
604 3.9285714285714284
605 3.357142857142857
606 4.05
607 3.9838709677419355
608 3.9310344827586206
609 3.5535714285714284
610 3.6666666666666665
611 4.081081081081081
612 3.967741935483871
613 4.037037037037037
614 3.7755102040816326
615 4.055555555555555
616 3.4098360655737703
617 3.75
618 3.611111111111111
619 3.161290322580645
620 3.051282051282051
621 2.909090909090909
622 3.3684210526315788
623 2.9166666666666665
624 3.3333333333333335
625 3.3376623376623376
626 3.25
627 3.2
